start=150.100000
volume=0.000000
