start=6325.006000
volume=60.000000
sid=1
