start=1281.711000
volume=70.000000
