start=1011.567643
volume=0.000000
