start=1404.800500
volume=52.000000
