start=653.152500
volume=50.000000
