start=10292.420000
volume=5.000000
