start=2431.960000
volume=5.000000
