start=556.952000
pause=yes
volume=60.000000
sid=1
