start=689.586000
volume=46.000000
