start=277.840000
pause=yes
volume=55.000000
sid=1
