start=8.279000
volume=104.000000
