start=1.021854
volume=50.000000
