start=6747.791050
volume=0.000000
