start=1334.082750
volume=70.000000
