start=591.196000
pause=yes
volume=60.000000
