start=116.600150
volume=0.000000
