start=919.434000
volume=102.000000
