start=2619.020000
volume=0.000000
