start=875.978500
pause=yes
volume=72.000000
sid=1
