start=620.182062
volume=72.000000
ontop=yes
