start=33.387500
pause=yes
volume=62.000000
