start=335.564500
volume=104.000000
sid=3
