start=3554.267384
volume=0.000000
