start=0.000000
pause=yes
volume=48.000000
