start=1082.227000
volume=78.000000
ontop=yes
