start=162.545716
volume=5.000000
