start=6997.969500
pause=yes
volume=104.000000
sid=2
