start=6985.311983
volume=0.000000
