start=229.396480
volume=95.000000
