start=29.300000
volume=104.000000
