start=3639.340690
volume=90.000000
