start=5055.466667
volume=0.000000
