start=321.967479
pause=yes
volume=52.000000
