start=237.007500
volume=50.000000
sid=4
