start=616.466667
volume=5.000000
