start=1245.615354
volume=110.000000
ontop=yes
contrast=-1
vid=1
