start=1068.421521
volume=56.000000
