start=2335.122456
volume=6.000000
