start=250.800000
volume=5.000000
