start=221.254367
volume=0.000000
