start=61.791000
volume=104.000000
