start=6671.204172
volume=0.000000
