start=6.652500
volume=60.000000
