start=223.702086
volume=60.000000
