start=8.112271
volume=0.000000
