start=1605.134078
volume=0.000000
