start=650.132816
volume=0.000000
