start=5666.256757
volume=82.000000
mute=yes
