start=3297.127941
volume=5.000000
