start=5.950017
volume=0.000000
