start=1298.556450
volume=0.000000
