start=2497.161333
volume=75.000000
ontop=yes
