start=1420.941000
pause=yes
volume=60.000000
sid=1
